1.000000e-01 0.000000e+00 4.940656e-323 0.000000e+00 0.000000e+00 6.952790e-310
2.000000e-01 0.000000e+00 4.940656e-323 0.000000e+00 0.000000e+00 6.952790e-310
3.000000e-01 0.000000e+00 4.940656e-323 0.000000e+00 0.000000e+00 6.952790e-310
4.000000e-01 0.000000e+00 4.940656e-323 0.000000e+00 0.000000e+00 6.952790e-310
5.000000e-01 0.000000e+00 4.940656e-323 0.000000e+00 0.000000e+00 6.952790e-310
6.000000e-01 0.000000e+00 4.940656e-323 0.000000e+00 0.000000e+00 6.952790e-310
7.000000e-01 0.000000e+00 4.940656e-323 0.000000e+00 0.000000e+00 6.952790e-310
8.000000e-01 0.000000e+00 4.940656e-323 0.000000e+00 0.000000e+00 6.952790e-310
9.000000e-01 0.000000e+00 4.940656e-323 0.000000e+00 0.000000e+00 6.952790e-310
1.000000e+00 0.000000e+00 4.940656e-323 0.000000e+00 0.000000e+00 6.952790e-310
1.100000e+00 0.000000e+00 4.940656e-323 0.000000e+00 0.000000e+00 6.952790e-310
1.200000e+00 0.000000e+00 4.940656e-323 0.000000e+00 0.000000e+00 6.952790e-310
1.300000e+00 0.000000e+00 4.940656e-323 0.000000e+00 0.000000e+00 6.952790e-310
1.400000e+00 0.000000e+00 4.940656e-323 0.000000e+00 0.000000e+00 6.952790e-310
1.500000e+00 0.000000e+00 4.940656e-323 0.000000e+00 0.000000e+00 6.952790e-310
1.600000e+00 0.000000e+00 4.940656e-323 0.000000e+00 0.000000e+00 6.952790e-310
1.700000e+00 0.000000e+00 4.940656e-323 0.000000e+00 0.000000e+00 6.952790e-310
1.800000e+00 0.000000e+00 4.940656e-323 0.000000e+00 0.000000e+00 6.952790e-310
1.900000e+00 0.000000e+00 4.940656e-323 0.000000e+00 0.000000e+00 6.952790e-310
2.000000e+00 0.000000e+00 4.940656e-323 0.000000e+00 0.000000e+00 6.952790e-310
2.100000e+00 0.000000e+00 4.940656e-323 0.000000e+00 0.000000e+00 6.952790e-310
2.200000e+00 0.000000e+00 4.940656e-323 0.000000e+00 0.000000e+00 6.952790e-310
2.300000e+00 0.000000e+00 4.940656e-323 0.000000e+00 0.000000e+00 6.952790e-310
2.400000e+00 0.000000e+00 4.940656e-323 0.000000e+00 0.000000e+00 6.952790e-310
2.500000e+00 0.000000e+00 4.940656e-323 0.000000e+00 0.000000e+00 6.952790e-310
2.600000e+00 0.000000e+00 4.940656e-323 0.000000e+00 0.000000e+00 6.952790e-310
2.700000e+00 0.000000e+00 4.940656e-323 0.000000e+00 0.000000e+00 6.952790e-310
2.800000e+00 0.000000e+00 4.940656e-323 0.000000e+00 0.000000e+00 6.952790e-310
2.900000e+00 0.000000e+00 4.940656e-323 0.000000e+00 0.000000e+00 6.952790e-310
3.000000e+00 0.000000e+00 4.940656e-323 0.000000e+00 0.000000e+00 6.952790e-310
3.100000e+00 0.000000e+00 4.940656e-323 0.000000e+00 0.000000e+00 6.952790e-310
3.200000e+00 0.000000e+00 4.940656e-323 0.000000e+00 0.000000e+00 6.952790e-310
3.300000e+00 1.276341e+02 1.135971e+02 9.080292e+01 1.135971e+02 9.120292e+01
3.400000e+00 1.270645e+02 1.135718e+02 9.082816e+01 1.135718e+02 9.122816e+01
3.500000e+00 1.259614e+02 1.135228e+02 9.087719e+01 1.135228e+02 9.127719e+01
3.600000e+00 1.248206e+02 1.134719e+02 9.092813e+01 1.134719e+02 9.132813e+01
3.700000e+00 1.237014e+02 1.134217e+02 9.097833e+01 1.134217e+02 9.137833e+01
3.800000e+00 1.312139e+02 1.137544e+02 9.064557e+01 1.137544e+02 9.104557e+01
3.900000e+00 1.296199e+02 1.136846e+02 9.071536e+01 1.136846e+02 9.111536e+01
4.000000e+00 1.282321e+02 1.136235e+02 9.077648e+01 1.136235e+02 9.117648e+01
4.100000e+00 1.357355e+02 1.139501e+02 9.044987e+01 1.139501e+02 9.084987e+01
4.200000e+00 1.340356e+02 1.138769e+02 9.052306e+01 1.138769e+02 9.092306e+01
4.300000e+00 1.325586e+02 1.138130e+02 9.058703e+01 1.138130e+02 9.098703e+01
4.400000e+00 1.400568e+02 1.141341e+02 9.026586e+01 1.141341e+02 9.066586e+01
4.500000e+00 1.383476e+02 1.140617e+02 9.033830e+01 1.140617e+02 9.073830e+01
4.600000e+00 1.463345e+02 1.143965e+02 9.000353e+01 1.143965e+02 9.040353e+01
4.700000e+00 1.443618e+02 1.143146e+02 9.008535e+01 1.143146e+02 9.048535e+01
4.800000e+00 1.426713e+02 1.142441e+02 9.015591e+01 1.142441e+02 9.055591e+01
4.900000e+00 1.506342e+02 1.145729e+02 8.982709e+01 1.145729e+02 9.022709e+01
5.000000e+00 1.487269e+02 1.144950e+02 8.990504e+01 1.144950e+02 9.030504e+01
5.100000e+00 1.470611e+02 1.144265e+02 8.997354e+01 1.144265e+02 9.037354e+01
5.200000e+00 1.550405e+02 1.147511e+02 8.964888e+01 1.147511e+02 9.004888e+01
5.300000e+00 1.531881e+02 1.146765e+02 8.972349e+01 1.146765e+02 9.012349e+01
5.400000e+00 1.515448e+02 1.146099e+02 8.979005e+01 1.146099e+02 9.019005e+01
5.500000e+00 1.595724e+02 1.149318e+02 8.946820e+01 1.149318e+02 8.986820e+01
5.600000e+00 1.577636e+02 1.148600e+02 8.954000e+01 1.148600e+02 8.994000e+01
5.700000e+00 1.662503e+02 1.151934e+02 8.920658e+01 1.151934e+02 8.960658e+01
5.800000e+00 1.642392e+02 1.151152e+02 8.928481e+01 1.151152e+02 8.968481e+01
5.900000e+00 1.624636e+02 1.150457e+02 8.935427e+01 1.150457e+02 8.975427e+01
6.000000e+00 1.710071e+02 1.153766e+02 8.902341e+01 1.153766e+02 8.942341e+01
6.100000e+00 1.690458e+02 1.153014e+02 8.909863e+01 1.153014e+02 8.949863e+01
6.200000e+00 1.672943e+02 1.152338e+02 8.916616e+01 1.152338e+02 8.956616e+01
6.300000e+00 1.759203e+02 1.155631e+02 8.883688e+01 1.155631e+02 8.923688e+01
6.400000e+00 1.739951e+02 1.154903e+02 8.890966e+01 1.154903e+02 8.930966e+01
6.500000e+00 1.722601e+02 1.154244e+02 8.897559e+01 1.154244e+02 8.937559e+01
6.600000e+00 1.809895e+02 1.157529e+02 8.864714e+01 1.157529e+02 8.904714e+01
6.700000e+00 1.790894e+02 1.156821e+02 8.871795e+01 1.156821e+02 8.911795e+01
6.800000e+00 1.773641e+02 1.156174e+02 8.878256e+01 1.156174e+02 8.918256e+01
6.900000e+00 1.862146e+02 1.159457e+02 8.845432e+01 1.159457e+02 8.885432e+01
7.000000e+00 1.843304e+02 1.158765e+02 8.852353e+01 1.158765e+02 8.892353e+01
7.100000e+00 1.826093e+02 1.158129e+02 8.858707e+01 1.158129e+02 8.898707e+01
7.200000e+00 1.915964e+02 1.161415e+02 8.825853e+01 1.161415e+02 8.865853e+01
7.300000e+00 1.897201e+02 1.160735e+02 8.832647e+01 1.160735e+02 8.872647e+01
7.400000e+00 1.879981e+02 1.160109e+02 8.838913e+01 1.160109e+02 8.878913e+01
7.500000e+00 1.971357e+02 1.163401e+02 8.805985e+01 1.163401e+02 8.845985e+01
7.600000e+00 1.952605e+02 1.162732e+02 8.812679e+01 1.162732e+02 8.852679e+01
7.700000e+00 1.935331e+02 1.162113e+02 8.818874e+01 1.162113e+02 8.858874e+01
7.800000e+00 2.028342e+02 1.165416e+02 8.785836e+01 1.165416e+02 8.825836e+01
7.900000e+00 2.009537e+02 1.164755e+02 8.792454e+01 1.164755e+02 8.832454e+01
8.000000e+00 1.992169e+02 1.164141e+02 8.798593e+01 1.164141e+02 8.838593e+01
8.100000e+00 2.086938e+02 1.167459e+02 8.765411e+01 1.167459e+02 8.805411e+01
8.200000e+00 2.068021e+02 1.166803e+02 8.771973e+01 1.166803e+02 8.811973e+01
8.300000e+00 2.050519e+02 1.166193e+02 8.778072e+01 1.166193e+02 8.818072e+01
8.400000e+00 2.147172e+02 1.169529e+02 8.744711e+01 1.169529e+02 8.784711e+01
8.500000e+00 2.128086e+02 1.168876e+02 8.751238e+01 1.168876e+02 8.791238e+01
8.600000e+00 2.110409e+02 1.168269e+02 8.757310e+01 1.168269e+02 8.797310e+01
8.700000e+00 2.209076e+02 1.171626e+02 8.723738e+01 1.171626e+02 8.763738e+01
8.800000e+00 2.189762e+02 1.170975e+02 8.730249e+01 1.170975e+02 8.770249e+01
8.900000e+00 2.171869e+02 1.170369e+02 8.736308e+01 1.170369e+02 8.776308e+01
9.000000e+00 2.272687e+02 1.173751e+02 8.702490e+01 1.173751e+02 8.742490e+01
9.100000e+00 2.253085e+02 1.173099e+02 8.709005e+01 1.173099e+02 8.749005e+01
9.200000e+00 2.234931e+02 1.172493e+02 8.715065e+01 1.172493e+02 8.755065e+01
9.300000e+00 2.338052e+02 1.175904e+02 8.680964e+01 1.175904e+02 8.720964e+01
9.400000e+00 2.318095e+02 1.175250e+02 8.687504e+01 1.175250e+02 8.727504e+01
9.500000e+00 2.299630e+02 1.174642e+02 8.693580e+01 1.174642e+02 8.733580e+01
9.600000e+00 2.282286e+02 1.174069e+02 8.699309e+01 1.174069e+02 8.739309e+01
9.700000e+00 2.384841e+02 1.177426e+02 8.665739e+01 1.177426e+02 8.705739e+01
9.800000e+00 2.366009e+02 1.176815e+02 8.671849e+01 1.176815e+02 8.711849e+01
9.900000e+00 2.348355e+02 1.176240e+02 8.677598e+01 1.176240e+02 8.717598e+01
1.000000e+01 2.453378e+02 1.179629e+02 8.643706e+01 1.179629e+02 8.683706e+01
1.010000e+01 2.434115e+02 1.179013e+02 8.649867e+01 1.179013e+02 8.689867e+01
1.020000e+01 2.416100e+02 1.178435e+02 8.655651e+01 1.178435e+02 8.695651e+01
1.030000e+01 2.523773e+02 1.181861e+02 8.621393e+01 1.181861e+02 8.661393e+01
1.040000e+01 2.504005e+02 1.181237e+02 8.627627e+01 1.181237e+02 8.667627e+01
1.050000e+01 2.485570e+02 1.180654e+02 8.633463e+01 1.180654e+02 8.673463e+01
1.060000e+01 2.468146e+02 1.180100e+02 8.638998e+01 1.180100e+02 8.678998e+01
1.070000e+01 2.575746e+02 1.183488e+02 8.605118e+01 1.183488e+02 8.645118e+01
1.080000e+01 2.556820e+02 1.182897e+02 8.611025e+01 1.182897e+02 8.651025e+01
1.090000e+01 2.538996e+02 1.182339e+02 8.616609e+01 1.182339e+02 8.656609e+01
1.100000e+01 2.649419e+02 1.185767e+02 8.582327e+01 1.185767e+02 8.622327e+01
1.110000e+01 2.629919e+02 1.185167e+02 8.588328e+01 1.185167e+02 8.628328e+01
1.120000e+01 2.611625e+02 1.184602e+02 8.593979e+01 1.184602e+02 8.633979e+01
1.130000e+01 2.594249e+02 1.184064e+02 8.599364e+01 1.184064e+02 8.639364e+01
1.140000e+01 2.704948e+02 1.187464e+02 8.565358e+01 1.187464e+02 8.605358e+01
1.150000e+01 2.686103e+02 1.186890e+02 8.571097e+01 1.186890e+02 8.611097e+01
1.160000e+01 2.668283e+02 1.186346e+02 8.576543e+01 1.186346e+02 8.616543e+01
1.170000e+01 2.782005e+02 1.189790e+02 8.542096e+01 1.189790e+02 8.582096e+01
1.180000e+01 2.762511e+02 1.189205e+02 8.547950e+01 1.189205e+02 8.587950e+01
1.190000e+01 2.744165e+02 1.188652e+02 8.553478e+01 1.188652e+02 8.593478e+01
1.200000e+01 2.726698e+02 1.188124e+02 8.558759e+01 1.188124e+02 8.598759e+01
1.210000e+01 2.840951e+02 1.191548e+02 8.524518e+01 1.191548e+02 8.564518e+01
1.220000e+01 2.821979e+02 1.190984e+02 8.530155e+01 1.190984e+02 8.570155e+01
1.230000e+01 2.804012e+02 1.190449e+02 8.535512e+01 1.190449e+02 8.575512e+01
1.240000e+01 2.921546e+02 1.193922e+02 8.500776e+01 1.193922e+02 8.540776e+01
1.250000e+01 2.901832e+02 1.193345e+02 8.506553e+01 1.193345e+02 8.546553e+01
1.260000e+01 2.883262e+02 1.192799e+02 8.512012e+01 1.192799e+02 8.552012e+01
1.270000e+01 2.865579e+02 1.192277e+02 8.517227e+01 1.192277e+02 8.557227e+01
1.280000e+01 2.983851e+02 1.195735e+02 8.482646e+01 1.195735e+02 8.522646e+01
1.290000e+01 2.964557e+02 1.195176e+02 8.488240e+01 1.195176e+02 8.528240e+01
1.300000e+01 2.946294e+02 1.194645e+02 8.493552e+01 1.194645e+02 8.533552e+01
1.310000e+01 2.928823e+02 1.194135e+02 8.498649e+01 1.194135e+02 8.538649e+01
1.320000e+01 3.048034e+02 1.197583e+02 8.464167e+01 1.197583e+02 8.504167e+01
1.330000e+01 3.029064e+02 1.197039e+02 8.469608e+01 1.197039e+02 8.509608e+01
1.340000e+01 3.011030e+02 1.196520e+02 8.474797e+01 1.196520e+02 8.514797e+01
1.350000e+01 2.993713e+02 1.196021e+02 8.479794e+01 1.196021e+02 8.519794e+01
1.360000e+01 3.114032e+02 1.199463e+02 8.445366e+01 1.199463e+02 8.485366e+01
1.370000e+01 3.095306e+02 1.198932e+02 8.450680e+01 1.198932e+02 8.490680e+01
1.380000e+01 3.077441e+02 1.198424e+02 8.455765e+01 1.198424e+02 8.495765e+01
1.390000e+01 3.201375e+02 1.201921e+02 8.420789e+01 1.201921e+02 8.460789e+01
1.400000e+01 3.181801e+02 1.201373e+02 8.426268e+01 1.201373e+02 8.466268e+01
1.410000e+01 3.163252e+02 1.200853e+02 8.431475e+01 1.200853e+02 8.471475e+01
1.420000e+01 3.145507e+02 1.200353e+02 8.436470e+01 1.200353e+02 8.476470e+01
1.430000e+01 3.270704e+02 1.203848e+02 8.401519e+01 1.203848e+02 8.441519e+01
1.440000e+01 3.251309e+02 1.203311e+02 8.406889e+01 1.203311e+02 8.446889e+01
1.450000e+01 3.232883e+02 1.202799e+02 8.412006e+01 1.202799e+02 8.452006e+01
1.460000e+01 3.215216e+02 1.202307e+02 8.416926e+01 1.202307e+02 8.456926e+01
1.470000e+01 3.341813e+02 1.205804e+02 8.381965e+01 1.205804e+02 8.421965e+01
1.480000e+01 3.322537e+02 1.205276e+02 8.387245e+01 1.205276e+02 8.427245e+01
1.490000e+01 3.304187e+02 1.204771e+02 8.392285e+01 1.204771e+02 8.432285e+01
1.500000e+01 3.286561e+02 1.204286e+02 8.397140e+01 1.204286e+02 8.437140e+01
1.510000e+01 3.414685e+02 1.207786e+02 8.362140e+01 1.207786e+02 8.402140e+01
1.520000e+01 3.395473e+02 1.207265e+02 8.367346e+01 1.207265e+02 8.407346e+01
1.530000e+01 3.377157e+02 1.206768e+02 8.372323e+01 1.206768e+02 8.412323e+01
1.540000e+01 3.359543e+02 1.206288e+02 8.377122e+01 1.206288e+02 8.417122e+01
1.550000e+01 3.489311e+02 1.209794e+02 8.342057e+01 1.209794e+02 8.382057e+01
1.560000e+01 3.470114e+02 1.209280e+02 8.347203e+01 1.209280e+02 8.387203e+01
1.570000e+01 3.451794e+02 1.208787e+02 8.352126e+01 1.208787e+02 8.392126e+01
1.580000e+01 3.434163e+02 1.208312e+02 8.356878e+01 1.208312e+02 8.396878e+01
1.590000e+01 3.565689e+02 1.211828e+02 8.321723e+01 1.211828e+02 8.361723e+01
1.600000e+01 3.546463e+02 1.211318e+02 8.326821e+01 1.211318e+02 8.366821e+01
1.610000e+01 3.528103e+02 1.210830e+02 8.331702e+01 1.210830e+02 8.371702e+01
1.620000e+01 3.510427e+02 1.210359e+02 8.336413e+01 1.210359e+02 8.376413e+01
1.630000e+01 3.643827e+02 1.213885e+02 8.301145e+01 1.213885e+02 8.341145e+01
1.640000e+01 3.624526e+02 1.213379e+02 8.306208e+01 1.213379e+02 8.346208e+01
1.650000e+01 3.606091e+02 1.212894e+02 8.311055e+01 1.212894e+02 8.351055e+01
1.660000e+01 3.588344e+02 1.212427e+02 8.315734e+01 1.212427e+02 8.355734e+01
1.670000e+01 3.723737e+02 1.215967e+02 8.280327e+01 1.215967e+02 8.320327e+01
1.680000e+01 3.704317e+02 1.215463e+02 8.285366e+01 1.215463e+02 8.325366e+01
1.690000e+01 3.685772e+02 1.214981e+02 8.290190e+01 1.214981e+02 8.330190e+01
1.700000e+01 3.667927e+02 1.214516e+02 8.294843e+01 1.214516e+02 8.334843e+01
1.710000e+01 3.650619e+02 1.214063e+02 8.299367e+01 1.214063e+02 8.339367e+01
1.720000e+01 3.785855e+02 1.217570e+02 8.264298e+01 1.217570e+02 8.304298e+01
1.730000e+01 3.767163e+02 1.217089e+02 8.269108e+01 1.217089e+02 8.309108e+01
1.740000e+01 3.749189e+02 1.216626e+02 8.273744e+01 1.216626e+02 8.313744e+01
1.750000e+01 3.731774e+02 1.216175e+02 8.278246e+01 1.216175e+02 8.318246e+01
1.760000e+01 3.869164e+02 1.219699e+02 8.243006e+01 1.219699e+02 8.283006e+01
1.770000e+01 3.850286e+02 1.219219e+02 8.247811e+01 1.219219e+02 8.287811e+01
1.780000e+01 3.832151e+02 1.218756e+02 8.252438e+01 1.218756e+02 8.292438e+01
1.790000e+01 3.814601e+02 1.218307e+02 8.256925e+01 1.218307e+02 8.296925e+01
1.800000e+01 3.954276e+02 1.221851e+02 8.221489e+01 1.221851e+02 8.261489e+01
1.810000e+01 3.935168e+02 1.221370e+02 8.226300e+01 1.221370e+02 8.266300e+01
1.820000e+01 3.916835e+02 1.220907e+02 8.230926e+01 1.220907e+02 8.270926e+01
1.830000e+01 3.899122e+02 1.220459e+02 8.235406e+01 1.220459e+02 8.275406e+01
1.840000e+01 3.881884e+02 1.220022e+02 8.239776e+01 1.220022e+02 8.279776e+01
1.850000e+01 4.021842e+02 1.223543e+02 8.204572e+01 1.223543e+02 8.244572e+01
1.860000e+01 4.003272e+02 1.223079e+02 8.209207e+01 1.223079e+02 8.249207e+01
1.870000e+01 3.985361e+02 1.222631e+02 8.213688e+01 1.222631e+02 8.253688e+01
1.880000e+01 3.967964e+02 1.222195e+02 8.218050e+01 1.222195e+02 8.258050e+01
1.890000e+01 4.110351e+02 1.225738e+02 8.182625e+01 1.225738e+02 8.222625e+01
1.900000e+01 4.091497e+02 1.225272e+02 8.187280e+01 1.225272e+02 8.227280e+01
1.910000e+01 4.073347e+02 1.224823e+02 8.191771e+01 1.224823e+02 8.231771e+01
1.920000e+01 4.055758e+02 1.224387e+02 8.196134e+01 1.224387e+02 8.236134e+01
1.930000e+01 4.200743e+02 1.227955e+02 8.160453e+01 1.227955e+02 8.200453e+01
1.940000e+01 4.181552e+02 1.227486e+02 8.165140e+01 1.227486e+02 8.205140e+01
1.950000e+01 4.163119e+02 1.227035e+02 8.169652e+01 1.227035e+02 8.209652e+01
1.960000e+01 4.145297e+02 1.226598e+02 8.174024e+01 1.226598e+02 8.214024e+01
1.970000e+01 4.127951e+02 1.226171e+02 8.178289e+01 1.226171e+02 8.218289e+01
1.980000e+01 4.273492e+02 1.229722e+02 8.142782e+01 1.229722e+02 8.182782e+01
1.990000e+01 4.254722e+02 1.229267e+02 8.147327e+01 1.229267e+02 8.187327e+01
2.000000e+01 4.236620e+02 1.228828e+02 8.151719e+01 1.228828e+02 8.191719e+01
2.010000e+01 4.219051e+02 1.228401e+02 8.155991e+01 1.228401e+02 8.195991e+01
2.020000e+01 4.367379e+02 1.231980e+02 8.120196e+01 1.231980e+02 8.160196e+01
2.030000e+01 4.348211e+02 1.231521e+02 8.124788e+01 1.231521e+02 8.164788e+01
2.040000e+01 4.329775e+02 1.231079e+02 8.129213e+01 1.231079e+02 8.169213e+01
2.050000e+01 4.311934e+02 1.230650e+02 8.133504e+01 1.230650e+02 8.173504e+01
2.060000e+01 4.294559e+02 1.230231e+02 8.137692e+01 1.230231e+02 8.177692e+01
2.070000e+01 4.443653e+02 1.233797e+02 8.102026e+01 1.233797e+02 8.142026e+01
2.080000e+01 4.424821e+02 1.233350e+02 8.106498e+01 1.233350e+02 8.146498e+01
2.090000e+01 4.406651e+02 1.232918e+02 8.110821e+01 1.232918e+02 8.150821e+01
2.100000e+01 4.389013e+02 1.232497e+02 8.115027e+01 1.232497e+02 8.155027e+01
2.110000e+01 4.371785e+02 1.232086e+02 8.119143e+01 1.232086e+02 8.159143e+01
2.120000e+01 4.521829e+02 1.235644e+02 8.083564e+01 1.235644e+02 8.123564e+01
2.130000e+01 4.503265e+02 1.235207e+02 8.087934e+01 1.235207e+02 8.127934e+01
2.140000e+01 4.485304e+02 1.234783e+02 8.092170e+01 1.234783e+02 8.132170e+01
2.150000e+01 4.467822e+02 1.234370e+02 8.096301e+01 1.234370e+02 8.136301e+01
2.160000e+01 4.620886e+02 1.237960e+02 8.060399e+01 1.237960e+02 8.100399e+01
2.170000e+01 4.601851e+02 1.237517e+02 8.064831e+01 1.237517e+02 8.104831e+01
2.180000e+01 4.583498e+02 1.237089e+02 8.069113e+01 1.237089e+02 8.109113e+01
2.190000e+01 4.565699e+02 1.236673e+02 8.073274e+01 1.236673e+02 8.113274e+01
2.200000e+01 4.548336e+02 1.236266e+02 8.077341e+01 1.236266e+02 8.117341e+01
2.210000e+01 4.702503e+02 1.239850e+02 8.041498e+01 1.239850e+02 8.081498e+01
2.220000e+01 4.683677e+02 1.239416e+02 8.045843e+01 1.239416e+02 8.085843e+01
2.230000e+01 4.665488e+02 1.238995e+02 8.050049e+01 1.238995e+02 8.090049e+01
2.240000e+01 4.647813e+02 1.238586e+02 8.054144e+01 1.238586e+02 8.094144e+01
2.250000e+01 4.630540e+02 1.238185e+02 8.058154e+01 1.238185e+02 8.098154e+01
2.260000e+01 4.785942e+02 1.241766e+02 8.022343e+01 1.241766e+02 8.062343e+01
2.270000e+01 4.767277e+02 1.241339e+02 8.026613e+01 1.241339e+02 8.066613e+01
2.280000e+01 4.749212e+02 1.240925e+02 8.030754e+01 1.240925e+02 8.070754e+01
2.290000e+01 4.731630e+02 1.240521e+02 8.034792e+01 1.240521e+02 8.074792e+01
2.300000e+01 4.714421e+02 1.240125e+02 8.038751e+01 1.240125e+02 8.078751e+01
2.310000e+01 4.871175e+02 1.243705e+02 8.002949e+01 1.243705e+02 8.042949e+01
2.320000e+01 4.852629e+02 1.243285e+02 8.007154e+01 1.243285e+02 8.047154e+01
2.330000e+01 4.834654e+02 1.242876e+02 8.011238e+01 1.242876e+02 8.051238e+01
2.340000e+01 4.817137e+02 1.242477e+02 8.015225e+01 1.242477e+02 8.055225e+01
2.350000e+01 4.799973e+02 1.242086e+02 8.019139e+01 1.242086e+02 8.059139e+01
2.360000e+01 4.958182e+02 1.245668e+02 7.983325e+01 1.245668e+02 8.023325e+01
2.370000e+01 4.939719e+02 1.245253e+02 7.987475e+01 1.245253e+02 8.027475e+01
2.380000e+01 4.921804e+02 1.244849e+02 7.991509e+01 1.244849e+02 8.031509e+01
2.390000e+01 4.904329e+02 1.244455e+02 7.995451e+01 1.244455e+02 8.035451e+01
2.400000e+01 4.887191e+02 1.244068e+02 7.999323e+01 1.244068e+02 8.039323e+01
2.410000e+01 5.046950e+02 1.247652e+02 7.963481e+01 1.247652e+02 8.003481e+01
2.420000e+01 5.028536e+02 1.247242e+02 7.967583e+01 1.247242e+02 8.007583e+01
2.430000e+01 5.010655e+02 1.246843e+02 7.971573e+01 1.246843e+02 8.011573e+01
2.440000e+01 4.993202e+02 1.246452e+02 7.975475e+01 1.246452e+02 8.015475e+01
2.450000e+01 4.976076e+02 1.246069e+02 7.979310e+01 1.246069e+02 8.019310e+01
2.460000e+01 5.137472e+02 1.249658e+02 7.943423e+01 1.249658e+02 7.983423e+01
2.470000e+01 5.119076e+02 1.249252e+02 7.947485e+01 1.249252e+02 7.987485e+01
2.480000e+01 5.101205e+02 1.248856e+02 7.951437e+01 1.248856e+02 7.991437e+01
2.490000e+01 5.083754e+02 1.248470e+02 7.955304e+01 1.248470e+02 7.995304e+01
2.500000e+01 5.066627e+02 1.248089e+02 7.959105e+01 1.248089e+02 7.999105e+01
2.510000e+01 5.229746e+02 1.251684e+02 7.923158e+01 1.251684e+02 7.963158e+01
2.520000e+01 5.211340e+02 1.251281e+02 7.927186e+01 1.251281e+02 7.967186e+01
2.530000e+01 5.193455e+02 1.250889e+02 7.931107e+01 1.250889e+02 7.971107e+01
2.540000e+01 5.175989e+02 1.250506e+02 7.934942e+01 1.250506e+02 7.974942e+01
2.550000e+01 5.158846e+02 1.250129e+02 7.938713e+01 1.250129e+02 7.978713e+01
2.560000e+01 5.323776e+02 1.253731e+02 7.902691e+01 1.253731e+02 7.942691e+01
2.570000e+01 5.305332e+02 1.253331e+02 7.906691e+01 1.253331e+02 7.946691e+01
2.580000e+01 5.287409e+02 1.252941e+02 7.910585e+01 1.252941e+02 7.950585e+01
2.590000e+01 5.269909e+02 1.252561e+02 7.914394e+01 1.252561e+02 7.954394e+01
2.600000e+01 5.252738e+02 1.252186e+02 7.918137e+01 1.252186e+02 7.958137e+01
2.610000e+01 5.419568e+02 1.255798e+02 7.882025e+01 1.255798e+02 7.922025e+01
2.620000e+01 5.401057e+02 1.255400e+02 7.886004e+01 1.255400e+02 7.926004e+01
2.630000e+01 5.383074e+02 1.255012e+02 7.889876e+01 1.255012e+02 7.929876e+01
2.640000e+01 5.365522e+02 1.254634e+02 7.893662e+01 1.254634e+02 7.933662e+01
2.650000e+01 5.348307e+02 1.254262e+02 7.897381e+01 1.254262e+02 7.937381e+01
2.660000e+01 5.517136e+02 1.257884e+02 7.861163e+01 1.257884e+02 7.901163e+01
2.670000e+01 5.498529e+02 1.257487e+02 7.865127e+01 1.257487e+02 7.905127e+01
2.680000e+01 5.480461e+02 1.257102e+02 7.868983e+01 1.257102e+02 7.908983e+01
2.690000e+01 5.462836e+02 1.256725e+02 7.872750e+01 1.256725e+02 7.912750e+01
2.700000e+01 5.445562e+02 1.256355e+02 7.876449e+01 1.256355e+02 7.916449e+01
2.710000e+01 5.616496e+02 1.259989e+02 7.840106e+01 1.259989e+02 7.880106e+01
2.720000e+01 5.597762e+02 1.259594e+02 7.844062e+01 1.259594e+02 7.884062e+01
2.730000e+01 5.579582e+02 1.259209e+02 7.847907e+01 1.259209e+02 7.887907e+01
2.740000e+01 5.561862e+02 1.258834e+02 7.851661e+01 1.258834e+02 7.891661e+01
2.750000e+01 5.544511e+02 1.258466e+02 7.855343e+01 1.258466e+02 7.895343e+01
2.760000e+01 5.527443e+02 1.258103e+02 7.858970e+01 1.258103e+02 7.898970e+01
2.770000e+01 5.698776e+02 1.261719e+02 7.822810e+01 1.261719e+02 7.862810e+01
2.780000e+01 5.680457e+02 1.261335e+02 7.826650e+01 1.261335e+02 7.866650e+01
2.790000e+01 5.662617e+02 1.260960e+02 7.830396e+01 1.260960e+02 7.870396e+01
2.800000e+01 5.645168e+02 1.260594e+02 7.834065e+01 1.260594e+02 7.874065e+01
2.810000e+01 5.628024e+02 1.260232e+02 7.837675e+01 1.260232e+02 7.877675e+01
2.820000e+01 5.801597e+02 1.263863e+02 7.801370e+01 1.263863e+02 7.841370e+01
2.830000e+01 5.783106e+02 1.263479e+02 7.805212e+01 1.263479e+02 7.845212e+01
2.840000e+01 5.765120e+02 1.263105e+02 7.808954e+01 1.263105e+02 7.848954e+01
2.850000e+01 5.747549e+02 1.262738e+02 7.812616e+01 1.262738e+02 7.852616e+01
2.860000e+01 5.730308e+02 1.262379e+02 7.816215e+01 1.262379e+02 7.856215e+01
2.870000e+01 5.713317e+02 1.262023e+02 7.819766e+01 1.262023e+02 7.859766e+01
2.880000e+01 5.887558e+02 1.265641e+02 7.783592e+01 1.265641e+02 7.823592e+01
2.890000e+01 5.869393e+02 1.265266e+02 7.787338e+01 1.265266e+02 7.827338e+01
2.900000e+01 5.851673e+02 1.264900e+02 7.790997e+01 1.264900e+02 7.830997e+01
2.910000e+01 5.834313e+02 1.264541e+02 7.794588e+01 1.264541e+02 7.834588e+01
2.920000e+01 5.817231e+02 1.264187e+02 7.798127e+01 1.264187e+02 7.838127e+01
2.930000e+01 5.993845e+02 1.267821e+02 7.761787e+01 1.267821e+02 7.801787e+01
2.940000e+01 5.975468e+02 1.267446e+02 7.765543e+01 1.267446e+02 7.805543e+01
2.950000e+01 5.957567e+02 1.267079e+02 7.769208e+01 1.267079e+02 7.809208e+01
2.960000e+01 5.940059e+02 1.266720e+02 7.772797e+01 1.266720e+02 7.812797e+01
2.970000e+01 5.922862e+02 1.266367e+02 7.776327e+01 1.266367e+02 7.816327e+01
2.980000e+01 5.905900e+02 1.266019e+02 7.779815e+01 1.266019e+02 7.819815e+01
2.990000e+01 6.083379e+02 1.269643e+02 7.743570e+01 1.269643e+02 7.783570e+01
3.000000e+01 6.065262e+02 1.269275e+02 7.747245e+01 1.269275e+02 7.787245e+01
